>
  -79.747867  -1.444159
  -79.786712  -1.654002
  -79.872547  -2.221801
  -79.858122  -6.951201
  -78.850008  -9.359851
  -76.020448  -13.798207
>
  -75.549659  -14.315297
  -75.411320  -14.456342
  -74.335501  -15.543422
  -72.539796  -17.187214
  -71.922547  -17.773935
  -71.381735  -18.373316
  -70.979182  -18.850190
  -70.786266  -19.126329
>
  -70.571175  -19.417365
  -70.343507  -19.716224
  -70.280285  -19.858811
  -70.107565  -20.531859
  -70.059697  -22.248895
>
 -167.300  53.500
 -170.200  52.800
 -174.200  52.200
 -178.100  52.000
 -179.800  51.800
  177.300  52.000
  170.300  52.800
>
 139.041  36.229
 139.021  35.360
 138.730  34.950
 138.467  34.300
 137.600  33.800
 137.100  32.900
 131.100  31.000
>
 -122.188  48.391
 -121.759  47.523
 -121.814  46.852
 -122.194  45.373
 -121.695  44.270
 -121.807  43.980
 -122.199  42.929
 -122.570  41.408
>
  77.000   32.000
  80.000   30.000
  83.000   29.000
  86.000   28.000
  89.000   27.500
  92.000   27.000
>
   6.500   46.000
   8.500   46.500
  10.500   46.500
  12.000   46.000
  14.000   45.500
>
  35.000    6.000
  36.000    2.000
  37.000   -2.000
  36.500   -5.000
  35.500   -8.000
>
  45.000   33.000
  47.000   32.000
  50.000   31.000
  52.000   30.000
  55.000   28.000
>
-114.000   49.000
-112.000   47.000
-110.000   45.000
-108.000   43.000
-106.000   41.000
-105.000   39.000
-105.000   37.000
